0 0.07833537331701346 0.5043327556325823 0.05385556915544675 0.07625649913344887
0 0.19583843329253364 0.4861351819757365 0.056303549571603426 0.07452339688041594
0 0.26376988984088123 0.4090121317157712 0.055079559363525085 0.07279029462738301
0 0.3555691554467564 0.26256499133448874 0.059975520195838426 0.07105719237435008
0 0.36352509179926557 0.41247833622183705 0.03916768665850673 0.04852686308492201
0 0.295593635250918 0.4844020797227036 0.07466340269277845 0.07105719237435008
0 0.42411260709914317 0.524263431542461 0.10159118727050183 0.09532062391681109
0 0.5348837209302325 0.47313691507798955 0.05385556915544675 0.10398613518197573
0 0.7441860465116279 0.2972270363951473 0.07099143206854344 0.06412478336221837
0 0.7239902080783354 0.3864818024263431 0.10893512851897184 0.10051993067590988
