0 0.395040369088812 0.4448051948051948 0.1903114186851211 0.25974025974025977
0 0.5461361014994233 0.4512987012987013 0.12110726643598617 0.11363636363636365
0 0.6764705882352942 0.28571428571428575 0.12572087658592848 0.09090909090909091
0 0.8598615916955018 0.3368506493506494 0.051903114186851215 0.040584415584415584
0 0.7341407151095732 0.5714285714285715 0.1118800461361015 0.09415584415584416
0 0.654555940023068 0.502435064935065 0.09342560553633218 0.06980519480519481
0 0.29296424452133796 0.2840909090909091 0.06920415224913495 0.04220779220779221
0 0.370242214532872 0.22402597402597405 0.06689734717416379 0.03571428571428572
0 0.5046136101499423 0.2637987012987013 0.049596309111880045 0.034090909090909095
0 0.5991926182237601 0.3628246753246753 0.051903114186851215 0.040584415584415584
0 0.8442906574394464 0.21834415584415587 0.0392156862745098 0.034090909090909095
0 0.936562860438293 0.20292207792207795 0.029988465974625143 0.03246753246753247
